{
	"selected": [
		"ID_c0536af5045f9030acfa718623dec662d3f00112"
	],
	"marked": [],
	"filtered": [],
	"viewMatrix": {
		"_00": 0.9966234573595434,
		"_01": -1.4907779871675686e-19,
		"_02": -0.08210775992992647,
		"_03": 0.0003471541566430784,
		"_10": -0.08210771887604994,
		"_11": 0.000999999833333343,
		"_12": -0.9966229590478562,
		"_13": -0.0011180535432598004,
		"_20": 0.00008210774624530076,
		"_21": 0.9999995000000417,
		"_22": 0.0009966232912556434,
		"_23": -76.2494990623672,
		"_30": 0,
		"_31": 0,
		"_32": 0,
		"_33": 1
	},
	"centerRotation": {
		"x": -0.000396729,
		"y": 0.5,
		"z": -0.000587463
	}
}