{
	"selected": [],
	"marked": [],
	"filtered": [],
	"viewMatrix": {
		"_00": 1,
		"_01": 0,
		"_02": 0,
		"_03": 0,
		"_10": 0,
		"_11": 1,
		"_12": -6.123233995736766e-17,
		"_13": 0,
		"_20": 0,
		"_21": 6.123233995736766e-17,
		"_22": 1,
		"_23": -10,
		"_30": 0,
		"_31": 0,
		"_32": 0,
		"_33": 1
	},
	"centerRotation": {
		"x": 0,
		"y": 0,
		"z": 0
	}
}