{
	"selected": [],
	"marked": [
		"ID_841936e6f873f49a85e18a4a94df5d7dfe591edf"
	],
	"filtered": [],
	"viewMatrix": {
		"_00": 0.7210427346558763,
		"_01": 0,
		"_02": 0.6928905936726054,
		"_03": 0.0006931061499079668,
		"_10": 0.6928902472273374,
		"_11": 0.0009999998333333417,
		"_12": -0.7210423741345391,
		"_13": -0.0006486959780106215,
		"_20": -0.0006928904781908455,
		"_21": 0.9999995000000417,
		"_22": 0.0007210426144820932,
		"_23": -123.61058706430377,
		"_30": 0,
		"_31": 0,
		"_32": 0,
		"_33": 1.0000000000000002
	},
	"centerRotation": {
		"x": -0.000396729,
		"y": 0.5,
		"z": -0.000587463
	}
}