{
	"selected": [],
	"marked": [],
	"filtered": [],
	"viewMatrix": {
		"_00": 1,
		"_01": 0,
		"_02": 0,
		"_03": 0.000396729,
		"_10": 0,
		"_11": 1,
		"_12": 0,
		"_13": -0.5,
		"_20": 0,
		"_21": 0,
		"_22": 1,
		"_23": -123.11,
		"_30": 0,
		"_31": 0,
		"_32": 0,
		"_33": 1
	},
	"centerRotation": {
		"x": -0.000396729,
		"y": 0.5,
		"z": -0.000587463
	}
}