{
	"selected": [
		"ID_b855b93bf7c9e35b15e205e2fa18853a05d54af0"
	],
	"marked": [],
	"filtered": [],
	"viewMatrix": {
		"_00": 0.9512943709566591,
		"_01": 0,
		"_02": 0.30828399210172086,
		"_03": 0.0005585115033484022,
		"_10": 0.28630963303175894,
		"_11": 0.37078081823192693,
		"_12": -0.8834864904821591,
		"_13": -0.1857958374057189,
		"_20": -0.11430579083928095,
		"_21": 0.9287204018601413,
		"_22": 0.3527217052427363,
		"_23": -39.996396038026425,
		"_30": 0,
		"_31": 0,
		"_32": 0,
		"_33": 1
	},
	"centerRotation": {
		"x": -0.000396729,
		"y": 0.5,
		"z": -0.000587463
	}
}